0.1646193563938141
0.15132182836532593
0.13814771175384521
0.12757350504398346
0.12015368044376373
0.11901222914457321
0.10129182040691376
0.09656601399183273
0.10456409305334091
0.09643720835447311
0.09683635085821152
0.09439345449209213
0.09009893983602524
0.09692344069480896
0.08368882536888123
0.09080751240253448
0.08439229428768158
0.0891784280538559
0.08531391620635986
0.08532464504241943
0.08130916208028793
0.08577090501785278
0.07938338816165924
0.07827853411436081
0.08022019267082214
0.06915940344333649
0.08345582336187363
0.0751853734254837
0.07477275282144547
0.07989001274108887
0.07205954194068909
0.07685662806034088
0.07209944725036621
0.07850027084350586
0.0717218741774559
0.07211209833621979
0.07057009637355804
0.08030049502849579
0.07274150848388672
0.07254502177238464
0.07220033556222916
0.08238024264574051
0.0657852441072464
0.0714615061879158
0.06507493555545807
0.06937596201896667
0.07428869605064392
0.06810792535543442
0.06901751458644867
0.06956823915243149
0.06705960631370544
0.06499651074409485
0.06634796410799026
0.08361991494894028
0.06421568989753723
0.07836452126502991
0.06981050968170166
0.07289093732833862
0.06724777817726135
0.06672291457653046
0.06785159558057785
0.07151325047016144
0.062431108206510544
0.07368975132703781
0.0794583112001419
0.07444529235363007
0.07347185909748077
0.07608963549137115
0.07483334839344025
0.07006527483463287
0.07283291220664978
0.07377110421657562
0.06505502015352249
0.0796678364276886
0.06792912632226944
0.06842614710330963
0.06963475048542023
0.0686371922492981
0.08216443657875061
0.06484182178974152
0.07034364342689514
0.06339617073535919
0.06699962168931961
0.06641543656587601
0.06844073534011841
0.07487823069095612
0.07864063233137131
0.06601258367300034
0.07049424946308136
0.06676144897937775
0.06910843402147293
0.060330189764499664
0.07359488308429718
0.07478058338165283
0.07631678134202957
0.07045990228652954
0.08001744002103806
0.08138272166252136
0.07896582037210464
0.06816045939922333
0.07781112939119339
0.07819575071334839
0.07262983173131943
0.06905380636453629
0.0719725489616394
0.07131264358758926
0.06499500572681427
0.0820654109120369
0.0757366344332695
0.06857246905565262
0.06716451793909073
0.074413001537323
0.06827693432569504
0.07601143419742584
0.06765037775039673
0.06656966358423233
0.07352428138256073
0.07301028072834015
0.0630483329296112
0.07237204164266586
0.07403282076120377
0.06672775000333786
0.06635575741529465
0.060481831431388855
0.07199035584926605
0.068944051861763
0.06442589312791824
0.06305870413780212
0.06596753001213074
0.06567629426717758
0.06463667750358582
0.06579138338565826
0.07304675877094269
0.062462590634822845
0.06020980700850487
0.06667951494455338
0.07074428349733353
0.06508585065603256
0.07877223193645477
0.0659460723400116
0.07809006422758102
0.06873073428869247
0.06422772258520126
0.06362999230623245
0.06032860279083252
0.0721888318657875
0.062430240213871
0.06374199688434601
0.06657477468252182
0.0673963725566864
0.06770054996013641
0.06414656341075897
0.06512954086065292
0.06576694548130035
0.06650987267494202
0.06918295472860336
0.07082544267177582
0.06023965775966644
0.06060441955924034
0.07052610069513321
0.07706570625305176
0.07610106468200684
0.06716527044773102
0.06681643426418304
0.06468181312084198
0.07213640213012695
0.06367693841457367
0.07718044519424438
0.06340387463569641
0.06022478640079498
0.06917785853147507
0.07220827043056488
0.07426213473081589
0.07017818093299866
0.07144445180892944
0.06553026288747787
0.07305273413658142
0.06754948198795319
0.06643715500831604
0.06426489353179932
0.0678611546754837
0.06651134788990021
0.06532047688961029
0.06305058300495148
0.0735681876540184
0.06670089066028595
0.07640735059976578
0.06897267699241638
0.06458865106105804
0.061126720160245895
0.06963324546813965
0.06855876743793488
0.07472951710224152
0.07208889722824097
0.08365871012210846
0.06610830873250961
0.06754559278488159
0.06841272115707397
0.06566084176301956
0.06425032764673233
0.06432248651981354
0.08414702117443085
0.06404262781143188
0.06425389647483826
0.06173865124583244
0.06803347170352936
0.07559262216091156
0.06695863604545593
0.0637141615152359
0.06283813714981079
0.07295408844947815
0.06709904968738556
0.07557648420333862
0.0636361762881279
0.06447982788085938
0.06608299165964127
0.058870524168014526
0.06824494898319244
0.0607360303401947
0.06711091846227646
0.07202522456645966
0.06783856451511383
0.07109500467777252
0.06613603234291077
0.06713245064020157
0.06735965609550476
0.07055213302373886
0.061753954738378525
0.06627766788005829
0.05977050960063934
0.06585181504487991
0.065015509724617
0.07180055230855942
0.07000143826007843
0.06970491260290146
0.06514932960271835
0.07525566220283508
0.06721297651529312
0.06530202925205231
0.06568492203950882
0.06730926036834717
0.07312338054180145
0.06339330971240997
0.06447630375623703
0.06637540459632874
0.07068464159965515
0.0709349736571312
0.06102330982685089
0.0619414746761322
0.06072063371539116
0.06411710381507874
0.07065961509943008
0.06328629702329636
0.05961547791957855
0.08285719901323318
0.07040941715240479
0.08021238446235657
0.06312389671802521
0.06339852511882782
0.07468592375516891
0.0667494386434555
0.06206674501299858
0.06699665635824203
0.06852636486291885
0.05837384611368179
0.06137207895517349
0.06693342328071594
0.05767827481031418
0.06041228398680687
0.05774221941828728
0.06264815479516983
0.06636276841163635
0.058607302606105804
0.08561994880437851
0.0598355308175087
0.06881634891033173
0.06968797743320465
0.06745938956737518
0.06541892886161804
0.06458452343940735
0.07290272414684296
0.06712447106838226
0.0659564957022667
0.07830654084682465
0.06647557020187378
0.07073961943387985
0.061220280826091766
0.06054449826478958
0.05772741138935089
0.06762257218360901
0.060627393424510956
0.06683048605918884
0.06522877514362335
0.06641228497028351
0.06351293623447418
0.07296346873044968
0.05791570246219635
0.06653371453285217
0.0695081502199173
0.07316643744707108
0.06327983736991882
0.061191435903310776
0.05820497125387192
0.06970931589603424
0.07929414510726929
0.06878239661455154
0.06363707780838013
0.06366267800331116
0.07209569215774536
0.06905621290206909
0.06727840006351471
0.06458759307861328
0.06307154148817062
0.06689567863941193
0.06858396530151367
0.06122581288218498
0.06385235488414764
0.06620319187641144
0.06595580279827118
0.06301344931125641
0.06550079584121704
0.06792709976434708
0.06141858547925949
0.07485072314739227
0.06762462854385376
0.06450500339269638
0.06285929679870605
0.06270468980073929
0.0634138360619545
0.06509658694267273
0.059293683618307114
0.06318669021129608
0.06868140399456024
0.05978397652506828
0.062200676649808884
0.06419023871421814
0.057133838534355164
0.06832361966371536
0.07872128486633301
0.0616203211247921
0.06050191447138786
0.059460289776325226
0.06439322233200073
0.05973082035779953
0.058343805372714996
0.05855680629611015
0.06036435812711716
0.06056833267211914
0.06065879389643669
0.056961335241794586
0.05972541123628616
0.0608086958527565
0.06051193177700043
0.059833377599716187
0.0645194947719574
0.0678287073969841
0.05786599963903427
0.06932039558887482
0.06424101442098618
0.06448209285736084
0.06220665201544762
0.06382298469543457
0.06084337458014488
0.057408012449741364
0.05829666554927826
0.06046945974230766
0.06300357729196548
0.06518946588039398
0.060637906193733215
0.06184377521276474
0.058826617896556854
0.060140322893857956
0.06144603714346886
0.06389965116977692
0.06309175491333008
0.06387466192245483
0.05948958918452263
0.06474030017852783
0.06299084424972534
0.06764201819896698
0.06764651834964752
0.05928334221243858
0.08210292458534241
0.05976913124322891
0.07081132382154465
0.07545766234397888
0.0675615444779396
0.060153137892484665
0.07121635973453522
0.06204149127006531
0.0650201290845871
0.06211279332637787
0.07300868630409241
0.06594137847423553
0.05899381637573242
0.06647640466690063
0.05682782828807831
0.07061465084552765
0.05977986380457878
0.06052691861987114
0.05389748513698578
0.0711306482553482
0.05933720991015434
0.06151619181036949
0.06635532528162003
0.058967284858226776
0.06101789325475693
0.07492949813604355
0.06386815011501312
0.05788986384868622
0.059375353157520294
0.060748931020498276
0.05983533710241318
0.060945019125938416
0.06436848640441895
0.06204984709620476
0.07397621124982834
0.05860200524330139
0.06544633209705353
0.06462472677230835
0.07228635251522064
0.05726758763194084
0.05989271402359009
0.0621093325316906
0.06562324613332748
0.06886310875415802
0.07359115779399872
0.06081002950668335
0.06722621619701385
0.06603733450174332
0.06014914810657501
0.07389207929372787
0.06896527856588364
0.06336414068937302
0.06820745766162872
0.07043872773647308
0.06098870933055878
0.0632583424448967
0.06632597744464874
0.06274265050888062
0.06350278854370117
0.05636013299226761
0.07639963179826736
0.06705422699451447
0.06157649680972099
0.06368257105350494
0.05467735230922699
0.05919758602976799
0.067901611328125
0.07429388910531998
0.06786039471626282
0.06273326277732849
0.06430735439062119
0.05858570337295532
0.058274462819099426
0.07922525703907013
0.06424905359745026
0.06291205435991287
0.07294338196516037
0.05915173143148422
0.0674089640378952
0.06391486525535583
0.05985100194811821
0.061313729733228683
0.08240664005279541
0.06116536259651184
0.06388586014509201
0.0696445107460022
0.06346412003040314
0.08110438287258148
0.06258748471736908
0.06591708958148956
0.05917693302035332
0.06525599956512451
0.0638231635093689
0.07487520575523376
0.061063528060913086
0.06297020614147186
0.061995264142751694
0.06865905225276947
0.06755711138248444
0.0646008849143982
0.0737348273396492
0.06527449190616608
0.06744219362735748
0.06758265197277069
0.0671725794672966
0.07195623219013214
0.0689317062497139
0.06389638781547546
0.0753946453332901
0.06243410333991051
0.06365367770195007
0.06478480994701385
0.06357645988464355
0.06738488376140594
0.058039166033267975
0.06686266511678696
0.0611070953309536
0.061166517436504364
0.07543212175369263
0.06941159814596176
0.0611533485352993
0.06168985366821289
0.06197023391723633
0.05912822484970093
0.0710504874587059
0.06972316652536392
0.06886626780033112
0.05805371701717377
0.06360341608524323
0.07064232230186462
0.060703448951244354
0.057732343673706055
0.06552129238843918
0.06395900249481201
0.07919300347566605
0.0672614648938179
0.06572583317756653
0.06429111957550049
0.06257930397987366
0.061305053532123566
0.0627565011382103
0.080357126891613
0.059932537376880646
0.06404078006744385
0.06097815930843353
0.0637066513299942
0.06430423259735107
0.0626106858253479
0.0734643042087555
0.06262779235839844
0.055957671254873276
0.07847718894481659
0.061310648918151855
0.06430754065513611
0.06211850792169571
0.07445649057626724
0.060688138008117676
0.060155387967824936
0.06290213763713837
0.058459408581256866
0.05732019990682602
0.0561445914208889
0.07305434346199036
0.07009688019752502
0.06244640797376633
0.06431005150079727
0.055556535720825195
0.06141464039683342
0.06739813089370728
0.07085077464580536
0.06926912814378738
0.06351567059755325
0.06478662043809891
0.061003684997558594
0.06359506398439407
0.06748788058757782
0.057994551956653595
0.05882265791296959
0.06339739263057709
0.05939319729804993
0.07175394147634506
0.06100716441869736
0.0674295648932457
0.06365779042243958
0.06324657797813416
0.06308901309967041
0.06023760139942169
0.05867581069469452
0.06349501013755798
0.06718404591083527
0.06364613026380539
0.05653616786003113
0.06684112548828125
0.0719691812992096
0.06686209887266159
0.05957798659801483
0.06351611018180847
0.0626738965511322
0.07169467955827713
0.064878448843956
0.06845413148403168
0.06931834667921066
0.07031792402267456
0.06104576215147972
0.07099324464797974
0.0642123892903328
0.062626414000988
0.057368144392967224
0.0614037960767746
0.05814076215028763
0.07086646556854248
0.0664813369512558
0.06139805540442467
0.06571780145168304
0.06367211043834686
0.0649108812212944
0.0698164850473404
0.059862397611141205
0.06572435796260834
0.058892618864774704
0.06243225559592247
0.06321132183074951
0.0652875006198883
0.07030155509710312
0.06582820415496826
0.060376834124326706
0.05846896022558212
0.06128554046154022
0.05957075580954552
0.06147029995918274
0.060646962374448776
0.06603899598121643
0.06346079707145691
0.060530200600624084
0.07257797569036484
0.06189963221549988
0.07276520878076553
0.06590049713850021
0.06177227199077606
0.061678387224674225
0.06141260266304016
0.06223171576857567
0.06863066554069519
0.06193676218390465
0.05672908574342728
0.0693286582827568
0.06662006676197052
0.06256028264760971
0.06258365511894226
0.07125832140445709
0.06090375408530235
0.06048783287405968
0.06087585538625717
0.06676259636878967
0.06514652073383331
0.062035586684942245
0.061378609389066696
0.07342290878295898
0.06561542302370071
0.0665367916226387
0.0619279220700264
0.06473712623119354
0.07433213293552399
0.06145373731851578
0.05957881733775139
0.057576920837163925
0.060415200889110565
0.06345920264720917
0.061800576746463776
0.06432852149009705
0.06661251187324524
0.058548685163259506
0.059358369559049606
0.06386397778987885
0.06972377002239227
0.0652439147233963
0.06346338987350464
0.07498186826705933
0.0643862783908844
0.05982246622443199
0.0628339946269989
0.059649791568517685
0.0633414089679718
0.06721135973930359
0.07602295279502869
0.06151837855577469
0.06267239153385162
0.057883039116859436
0.07106030732393265
0.060777317732572556
0.05891153961420059
0.06393388658761978
0.06632848083972931
0.05981041491031647
0.057555802166461945
0.06041164696216583
0.06300164759159088
0.06511984765529633
0.0688595250248909
0.060866571962833405
0.05775400251150131
0.0595538392663002
0.061234407126903534
0.05219852179288864
0.06022357940673828
0.06441988795995712
0.06572888791561127
0.057077184319496155
0.06122665852308273
0.058623116463422775
0.06733789294958115
0.05685807019472122
0.07183192670345306
0.05841346085071564
0.05632549151778221
0.05989963933825493
0.06048901379108429
0.07395577430725098
0.06152186915278435
0.060767196118831635
0.06439321488142014
0.07106214761734009
0.062060900032520294
0.056619029492139816
0.05623842030763626
0.06904134154319763
0.06040404364466667
0.060626059770584106
0.05801074951887131
0.05798981338739395
0.05841211974620819
0.07145877927541733
0.06919246166944504
0.07183845341205597
0.06538964807987213
0.06361787766218185
0.05802358314394951
0.06709496676921844
0.05942533537745476
0.06131024286150932
0.06126607581973076
0.06646128743886948
0.07392872869968414
0.06728470325469971
0.05927690863609314
0.06539551913738251
0.06282081454992294
0.06962315738201141
0.0680592879652977
0.06307739019393921
0.06325533241033554
0.07405559718608856
0.06420786678791046
0.06113428995013237
0.06946387141942978
0.07450608909130096
0.05730096995830536
0.06496288627386093
0.05839691683650017
0.05957331880927086
0.059350162744522095
0.06954073160886765
0.05860191583633423
0.06506112217903137
0.07533329725265503
0.05804060399532318
0.05938015505671501
0.060541119426488876
0.061246633529663086
0.062389813363552094
0.06780195236206055
0.06617539376020432
0.062456246465444565
0.060211971402168274
0.06307381391525269
0.06701672077178955
0.0746181532740593
0.06511995196342468
0.06632339954376221
0.06085897609591484
0.070192851126194
0.06665363162755966
0.06162568926811218
0.060494087636470795
0.056376852095127106
0.08088362216949463
0.06118440628051758
0.06858524680137634
0.05858403444290161
0.06492109596729279
0.06491534411907196
0.06001902371644974
0.06085169315338135
0.0608581118285656
0.0644223541021347
0.06097609922289848
0.06218428537249565
0.057602595537900925
0.06080525740981102
0.06708334386348724
0.06058865040540695
0.05751924216747284
0.05975901335477829
0.07236815989017487
0.05730484053492546
0.05909162759780884
0.0585494302213192
0.06527955085039139
0.06004759669303894
0.06605881452560425
0.06291180849075317
0.05549877882003784
0.056774601340293884
0.06894335150718689
0.05790286511182785
0.06255067884922028
0.059728723019361496
0.07216377556324005
0.07001005113124847
0.0719786137342453
0.06937234848737717
0.05633285641670227
0.0629042237997055
0.06400685012340546
0.059374596923589706
0.08069203794002533
0.06106823310256004
0.06894740462303162
0.06352376937866211
0.06347934901714325
0.05819608271121979
0.06776714324951172
0.07469356060028076
0.060698166489601135
0.07277926057577133
0.0583280473947525
0.06033972650766373
0.05901547893881798
0.07692493498325348
0.05986776575446129
0.05676927790045738
0.06957200914621353
0.07292459160089493
0.06298172473907471
0.06978181004524231
0.07568338513374329
0.062337249517440796
0.06465834379196167
0.07665001600980759
0.070791095495224
0.0652155727148056
0.06332241743803024
0.06743174046278
0.058940522372722626
0.06988941133022308
0.06399548798799515
0.05845486745238304
0.06660383939743042
0.07361548393964767
0.05964970216155052
